 	1	2	3	4	5	6	7	8
accomplished 	0.5182	0.6085	0.622	0.5109	0.5205	0.5	0.5953	0.561
aggravated 	0.5371	0.6323	0.69	0.4845	0.5284	0.5	0.6183	0.6586
amused 	0.5322	0.591	0.6269	0.5263	0.5228	0.5	0.6022	0.5787
annoyed 	0.5183	0.606	0.6254	0.5186	0.5276	0.5	0.6082	0.5708
anxious 	0.4939	0.553	0.5561	0.5147	0.5166	0.5	0.5481	0.5319
awake 	0.5019	0.5483	0.5931	0.518	0.5228	0.5	0.5602	0.5346
blah 	0.4849	0.5044	0.5311	0.4994	0.4971	0.5	0.5174	0.5254
blank 	0.5161	0.5428	0.5681	0.4741	0.4769	0.5	0.5421	0.5081
bored 	0.5234	0.6133	0.6326	0.4853	0.4832	0.5	0.5967	0.5979
bouncy 	0.5067	0.5636	0.5988	0.5222	0.5547	0.5	0.5737	0.5804
busy 	0.5156	0.6277	0.6371	0.5134	0.5339	0.5	0.6178	0.6378
calm 	0.5249	0.5372	0.5133	0.5229	0.5344	0.5	0.5538	0.5308
cheerful 	0.5176	0.6024	0.6245	0.5449	0.5395	0.5	0.6068	0.5737
chipper 	0.4894	0.5661	0.5981	0.5183	0.5441	0.5	0.5626	0.579
cold 	0.5258	0.5584	0.58	0.4759	0.514	0.5	0.5621	0.5812
confused 	0.4923	0.6102	0.6274	0.5227	0.5185	0.5	0.6051	0.5742
contemplative 	0.5314	0.6004	0.651	0.5366	0.5406	0.5	0.5869	0.5623
content 	0.5133	0.5619	0.555	0.4846	0.4864	0.5	0.5601	0.5071
crappy 	0.5023	0.6051	0.6191	0.4978	0.519	0.5	0.5976	0.5563
crazy 	0.5224	0.5792	0.6028	0.4681	0.5047	0.5	0.574	0.5224
creative 	0.5401	0.5823	0.613	0.5147	0.5372	0.5	0.5947	0.5768
crushed 	0.5481	0.6692	0.724	0.5387	0.591	0.5	0.6751	0.701
depressed 	0.5294	0.7097	0.7646	0.5437	0.594	0.5	0.7013	0.7161
drained 	0.5218	0.5154	0.5477	0.4977	0.536	0.5	0.524	0.5494
ecstatic 	0.5337	0.616	0.6821	0.5229	0.5567	0.5	0.6095	0.5997
excited 	0.5386	0.6228	0.6867	0.538	0.5567	0.5	0.6312	0.6254
exhausted 	0.5251	0.6138	0.6328	0.5244	0.529	0.5	0.6093	0.5764
frustrated 	0.502	0.5954	0.6449	0.5368	0.5695	0.5	0.5953	0.6041
good 	0.5163	0.5268	0.5591	0.4896	0.4807	0.5	0.5391	0.5013
happy 	0.4826	0.5362	0.5903	0.5094	0.5248	0.5	0.529	0.5387
hopeful 	0.4972	0.5967	0.6081	0.4842	0.5029	0.5	0.5934	0.5255
hungry 	0.5079	0.5771	0.5793	0.5034	0.4915	0.5	0.5783	0.5515
lonely 	0.503	0.6124	0.6474	0.5113	0.5314	0.5	0.6029	0.6118
loved 	0.5169	0.6619	0.696	0.5471	0.5735	0.5	0.6458	0.6251
okay 	0.494	0.5232	0.5664	0.5113	0.5028	0.5	0.5138	0.5033
pissed off 	0.5329	0.7378	0.766	0.5466	0.5669	0.5	0.7317	0.7046
sad 	0.5272	0.6633	0.7431	0.5679	0.5716	0.5	0.6597	0.6651
sick 	0.53	0.6934	0.7174	0.5231	0.5242	0.5	0.6785	0.7111
sleepy 	0.5021	0.588	0.6032	0.5102	0.5036	0.5	0.5975	0.5828
tired 	0.5122	0.5656	0.5799	0.5025	0.5035	0.5	0.5592	0.5221
====================================================================================================
1	TFIDF+keyword.classifier=GaussianNB_classtype=binary_prob=True
2	TFIDF+keyword.classifier=LIBSVM_classtype=binary_kernel=linear_prob=True
3	TFIDF+keyword.classifier=LIBSVM_classtype=binary_kernel=rbf_prob=True
4	rgba_gist+rgba_phog.classifier=LIBSVM_classtype=binary_kernel=linear_prob=True
5	rgba_gist+rgba_phog.classifier=LIBSVM_classtype=binary_kernel=rbf_prob=True
6	rgba_gist+rgba_phog.classifier=SVM_classtype=binary_kernel=rbf_prob=True
7	text_TFIDF.classifier=LIBSVM_classtype=binary_kernel=linear_prob=True
8	text_rbf_0.5_image_rbf_0.5
